4   42    1.339   0.92   2.38594403038881  0.065 
6   42    1.329   0.88   3.65222278030633
8   43    1.320   0.84   4.96974072811030  0.120
10  43.5  1.308   0.8    6.34019174590990  0.153
12  44.5  1.297   0.76   7.76516601842533
14  45    1.283   0.72   9.24611274556325
16  46.5  1.267   0.68   10.7842978675626
18  47    1.249   0.64   12.3807569288071
20  48    1.228   0.6    14.0362434679264  0.308
22  49    1.204   0.56   15.7511736634530
24  49    1.176   0.52   17.5255683737228  0.359
26  51.5  1.145   0.48   19.3589941756947  0.384
28  52.5  1.109   0.44   21.2505055071332
30  55    1.059   0.4    23.1985905136481  0.428
32  56.5  1.010   0.36   25.2011236454750  0.444
34  60    0.953   0.32   27.2553283749430  0.457
36  60.5  0.890   0.28   29.3577535427912  0.469
38  62.5  0.817   0.24   31.5042667192041  0.476
40  65    0.734   0.2    33.6900675259797c